852
515
948
586
891
573
905
239
748
420
83
836
617
677
363
32
355
358
477
561
638
390
970
983
641
113
125
776
889
755
406
104
590
681
475
750
272
8
524
453
759
57
713
96
571
989
797
991
650
881
583
799
893
448
765
458
365
600
764
883
217
18
675
64
263
997
109
653
909
842
692
78
605
239
266
706
296
130
377
624
393
809
469
147
643
128
307
244
890
956
543
714
143
266
25
64
535
540
390
743
751
483
711
601
226
403
515
157
975
991
245
561
203
647
356
945
962
967
569
159
984
437
464
800
477
945
508
809
107
222
818
862
631
898
458
227
611
496
805
767
446
266
608
279
522
476
654
432
610
445
595
132
781
332
360
278
14
475
766
523
352
837
380
815
933
945
441
224
491
584
636
806
925
352
858
5
377
128
618
431
822
442
684
669
597
701
608
144
388
264
280
976
200
360
321
178
506
951
105
520
